125
126
86
87
88
443
444
521
522
523
524
525
177
681
291
127
128
129
150
166
164
165
309
507
57
682
230
231
232
233
234
235
236
30
163
27
433
197
550
551
552
553
554
555
556
557
558
559
499
419
76
533
420
421
115
334
539
-1
-1
-1
302
303
304
305
197
302
197
198
369
370
301
306
54
55
56
327
288
289
290
206
307
243
244
245
246
247
248
263
264
265
266
267
268
193
194
554
555
556
557
558
559
560
18
19
20
21
22
23
24
114
37
37
14
15
421
124
125
107
108
109
421
124
125
37
44
45
46
37
170
171
125
15
46
21
22
23
24
25
424
425
69
70
-1
-1
