295
538
232
569
570
550
570
6
422
297
298
255
76
663
255
256
155
67
98
99
100
312
57
149
116
116
117
498
428
272
273
116
432
433
203
187
285
52
53
54
55
406
351
415
416
469
624
464
426
670
671
672
90
89
90
91
304
193
194
-1
168
169
170
144
145
146
677
678
146
147
148
23
-1
200
7
313
610
6
6
411
23
23
24
151
65
27
631
632
387
222
371
631
688
689
26
27
626
301
647
83
178
-1
245
428
176
149
40
59
116
41
679
680
432
433
41
40
59
116
428
40
41
515
516
681
58
59
680
155
679
98
99
99
679
40
41
40
52
40
40
41
40
116
59
412
