78
103
30
119
78
78
119
78
78
78
78
78
8
5
8
119
78
5
78
78
103
103
103
103
103
103
103
103
103
30
8
112
224
224
224
8
103
134
103
103
103
203
203
134
112
8
78
119
119
86
203
203
203
112
112
86
119
78
103
105
105
105
105
105
105
105
105
188
39
105
39
105
105
105
105
39
70
156
70
114
188
189
247
55
180
69
193
39
39
247
39
115
115
177
23
189
70
156
193
193
69
119
78
78
78
78
78
103
78
203
57
57
224
203
78
78
103
41
41
134
30
224
41
5
203
203
203
78
5
5
203
203
203
203
203
203
203
112
203
203
203
203
