350
351
351
397
345
345
351
345
351
351
351
351
345
345
808
345
809
807
808
808
333
332
351
345
351
351
345
345
345
134
809
351
345
809
810
778
686
687
345
345
397
607
608
350
734
210
351
345
351
345
351
351
345
351
807
345
351
351
808
-1
811
811
811
811
811
811
811
811
811
811
811
811
811
811
811
811
811
811
811
811
811
811
811
811
811
811
811
811
811
811
811
811
811
811
811
811
811
811
811
811
811
811
599
600
220
174
175
-1
802
315
345
351
73
345
809
645
108
109
110
807
808
73
336
345
811
811
351
809
811
811
811
811
811
811
811
811
811
811
811
811
811
811
811
811
