632
633
354
614
615
616
617
341
275
276
683
684
685
669
322
656
631
632
633
634
2
620
632
633
634
632
633
634
638
812
630
631
632
633
812
0
1
2
638
639
617
618
619
620
638
639
272
810
630
631
632
633
313
142
326
637
656
638
350
-1
812
813
814
815
813
814
815
815
815
813
814
815
815
815
815
813
814
815
813
814
815
815
814
815
814
815
814
815
814
815
814
815
814
815
815
355
356
357
358
359
345
-1
812
813
814
815
814
815
355
354
814
346
347
345
813
814
815
813
814
815
813
814
815
814
815
814
815
813
346
347
348
349
711
712
713
714
251
221
454
103
104
116
811
812
