172
141
141
172
41
141
141
141
172
212
180
180
180
180
180
225
180
180
180
97
180
180
180
225
102
225
97
97
180
180
116
97
97
212
116
212
116
225
212
116
116
116
8
180
8
8
113
113
8
180
8
8
8
113
113
113
113
113
8
113
8
8
113
8
113
8
8
113
113
113
8
113
180
212
180
113
180
180
180
180
8
172
93
172
225
212
180
172
225
113
102
180
97
225
180
55
225
180
180
212
212
212
116
212
116
212
180
180
97
225
212
116
212
212
212
116
225
97
225
212
180
102
102
3
141
3
141
225
97
225
225
225
225
225
212
116
180
225
225
225
225
225
225
225
172
212
172
225
225
225
225
212
102
102
212
212
225
