106
106
106
106
106
106
106
106
106
106
106
106
106
106
107
106
106
106
107
106
106
106
107
6
106
106
106
106
106
106
106
106
106
107
287
288
289
290
155
519
520
106
106
106
106
106
107
7
58
205
58
3
4
5
6
7
153
154
155
-1
106
106
106
106
106
106
106
106
106
106
106
106
106
106
106
106
106
106
106
106
107
106
106
106
106
106
106
107
106
106
106
106
106
106
107
106
106
107
509
106
106
106
106
106
106
106
106
106
106
106
106
106
106
106
106
106
106
106
106
106
106
106
106
106
106
106
106
106
106
106
106
106
107
521
7
153
154
155
520
521
57
58
509
-1
