53
149
53
149
149
234
507
149
53
507
507
149
102
103
104
53
507
149
149
53
53
149
149
53
52
53
507
149
507
53
53
103
104
105
53
234
149
234
52
53
506
507
507
234
102
103
104
105
149
149
147
148
149
53
507
234
53
234
507
-1
102
103
104
105
507
102
103
104
105
192
223
148
223
148
221
222
223
105
104
105
104
105
104
105
410
104
105
221
222
223
192
223
103
104
507
102
103
104
105
103
104
105
507
149
102
103
104
105
410
53
234
102
103
104
149
147
148
149
507
52
53
53
103
104
105
53
507
148
149
234
53
507
53
234
507
149
507
507
53
148
149
53
149
-1
