123
123
123
123
123
123
123
123
123
123
123
123
123
123
123
123
123
123
123
123
123
123
123
123
123
123
12
123
123
123
123
123
123
123
123
123
123
12
123
123
1
2
123
10
11
12
123
123
123
123
123
123
123
123
123
123
123
123
123
-1
27
28
27
28
0
28
9
22
67
9
28
28
28
32
9
6
8
9
25
25
28
9
9
9
9
6
28
9
6
28
28
54
36
9
6
28
9
32
12
13
22
9
123
123
123
123
123
123
123
123
123
123
123
123
123
123
123
123
123
123
123
123
123
123
12
123
123
123
123
123
123
123
123
123
123
123
123
123
123
123
123
123
123
-1
