0
1
109
109
109
133
109
7
59
109
109
110
118
79
108
82
112
113
113
113
113
113
113
119
120
107
108
66
119
120
112
113
109
119
120
109
109
49
49
50
113
113
100
13
68
56
28
29
116
93
94
95
96
97
49
49
64
65
66
119
38
124
125
124
125
126
36
36
36
36
126
126
124
51
124
125
126
126
126
126
36
126
36
126
36
36
36
36
124
125
126
126
36
36
36
126
38
124
125
126
126
-1
125
126
127
88
126
36
51
124
51
124
125
124
125
126
51
59
124
51
124
51
124
125
126
36
36
38
38
38
124
124
125
126
36
126
36
36
126
36
36
126
126
-1
