122
125
126
127
128
129
130
131
132
133
134
135
136
137
138
139
140
141
142
143
139
140
141
142
143
126
127
128
129
130
131
132
133
134
135
136
137
138
139
73
109
111
129
130
131
132
122
132
133
134
135
136
137
122
-1
-1
-1
-1
-1
-1
102
103
104
105
106
107
108
109
110
104
105
106
107
38
39
67
68
69
70
71
44
45
85
138
139
112
113
12
13
30
31
32
119
120
122
122
131
132
133
134
135
-1
124
124
124
124
124
124
124
124
124
124
124
124
124
124
124
124
124
124
124
124
124
124
124
124
124
124
124
124
124
124
124
124
124
124
124
124
124
124
124
124
124
124
