392
393
52
392
393
413
392
200
392
393
393
393
200
166
200
200
617
618
619
325
133
134
135
136
122
123
186
122
123
282
136
271
619
9
10
285
192
121
122
123
325
136
282
131
132
133
134
135
136
134
135
617
618
619
165
166
356
636
-1
-1
131
265
640
265
265
265
623
624
625
265
265
265
623
624
625
626
627
628
629
630
631
632
132
133
131
132
133
622
623
624
625
626
627
628
629
630
631
632
633
634
132
133
265
265
265
265
625
626
627
628
265
629
630
631
632
633
634
635
636
637
265
627
628
629
630
265
638
639
265
639
640
641
642
643
644
645
646
647
265
624
265
266
637
-1
131
132
641
642
643
644
645
132
133
134
622
623
624
625
626
627
628
629
630
631
632
633
634
635
636
637
638
639
640
641
642
643
644
645
646
647
265
266
644
645
646
647
132
133
134
135
136
126
392
393
393
393
393
393
393
123
124
125
126
127
133
134
135
136
265
392
9
393
617
618
619
186
265
266
265
5
6
7
8
9
263
412
413
-1
626
627
265
266
126
131
132
631
632
132
133
641
265
131
132
133
134
135
136
631
632
633
634
635
636
637
132
635
636
637
638
639
265
630
631
632
633
634
635
132
133
134
