105
106
107
108
109
110
111
112
113
114
115
116
117
118
393
129
285
322
154
154
181
335
156
181
285
286
146
175
175
322
154
156
157
285
285
131
131
335
285
285
156
322
335
322
131
285
322
156
335
181
181
156
181
285
156
285
156
154
131
-1
619
620
621
622
623
624
625
626
627
628
629
630
631
632
633
634
635
636
637
638
639
640
641
642
643
644
645
646
647
629
630
631
632
633
634
635
636
637
638
639
640
605
619
620
621
622
623
624
625
626
627
628
629
630
631
632
633
634
635
636
637
638
639
640
641
642
643
644
645
646
647
635
636
637
638
639
640
641
642
643
644
-1
-1
-1
156
322
131
181
322
154
628
181
154
623
181
156
131
621
319
320
321
322
631
285
286
287
288
289
290
291
460
461
462
463
464
465
466
467
468
469
470
471
472
473
474
-1
57
58
59
60
61
62
401
402
403
228
229
230
231
232
233
234
235
51
119
156
286
287
288
149
175
176
415
416
417
262
146
147
148
23
401
118
181
182
183
184
335
-1
619
620
621
622
623
624
625
626
627
628
629
630
631
632
633
634
635
636
637
638
639
640
641
642
643
644
645
646
647
629
630
631
632
633
634
635
636
637
638
639
640
-1
