18
18
17
18
18
58
18
10
18
18
18
18
10
58
10
10
47
39
39
39
39
39
39
39
39
39
39
39
39
39
39
39
39
47
47
39
39
39
39
39
39
39
39
21
39
39
39
39
39
39
39
47
39
39
58
58
58
21
21
40
21
40
40
40
21
21
21
40
40
40
21
21
21
21
21
21
21
21
21
21
39
39
21
39
39
21
21
21
21
21
21
21
21
21
21
21
21
21
39
39
40
40
40
40
21
21
21
21
40
21
21
21
21
21
21
21
21
21
40
21
21
21
21
40
21
21
40
21
21
21
21
21
21
21
21
21
40
21
40
39
21
21
39
21
21
21
21
21
39
39
39
21
21
21
21
21
21
21
21
21
21
21
21
21
21
21
21
21
21
21
21
21
21
21
21
21
21
40
39
21
21
21
21
39
39
39
39
39
39
18
18
18
18
18
18
18
39
37
39
39
39
39
39
39
39
40
18
47
18
47
39
39
39
40
39
40
60
60
60
47
47
9
18
58
21
21
40
39
39
21
39
21
21
39
39
21
40
21
39
39
39
39
39
21
21
21
21
21
21
21
39
21
21
21
21
21
40
21
21
21
21
21
21
39
39
39
