8
8
8
8
8
8
8
8
8
8
8
8
8
8
8
8
8
8
8
8
8
8
8
8
8
8
8
8
8
8
8
8
8
8
8
8
8
8
8
8
8
8
180
4
180
212
212
180
180
180
180
180
212
212
212
212
212
212
212
212
212
212
212
212
212
212
212
212
212
212
212
141
8
8
8
8
8
8
8
8
8
8
8
8
8
8
8
8
8
8
8
8
8
8
8
8
8
8
8
8
8
8
4
172
172
141
139
172
141
180
4
4
180
172
19
116
97
180
180
97
97
172
97
97
19
141
141
106
4
172
97
180
141
82
160
238
67
173
173
238
238
212
82
160
160
116
140
67
19
82
41
67
67
67
67
139
212
212
212
212
106
141
116
212
241
212
212
67
212
212
212
212
212
116
212
212
212
116
212
212
212
212
212
180
180
180
