135
111
122
63
87
87
88
135
123
111
135
52
52
52
52
117
36
36
54
111
111
30
36
135
117
54
105
117
54
30
134
135
136
121
74
127
117
126
126
126
55
56
126
132
54
30
31
32
25
105
106
107
52
86
87
88
30
31
32
-1
12
54
49
49
103
104
105
87
88
36
115
52
132
132
101
102
101
102
132
51
52
127
52
49
36
88
127
52
52
52
98
52
122
123
54
117
123
88
105
52
104
105
130
131
107
126
132
88
30
123
132
111
126
132
126
126
132
132
132
132
126
0
1
74
85
86
-1
-1
26
27
81
82
126
126
135
136
137
25
26
27
40
52
-1
-1
