531
532
533
534
535
536
537
538
539
540
538
539
540
536
537
538
539
540
532
533
534
535
536
537
538
539
540
534
535
536
537
538
539
540
535
536
537
538
539
540
532
533
534
535
536
537
538
539
540
536
537
538
539
540
538
539
540
1
535
-1
656
657
658
659
660
661
662
531
532
533
534
535
536
537
538
539
540
533
534
535
536
537
538
539
540
532
533
534
535
536
537
538
539
540
1
539
540
540
538
539
540
539
531
532
533
534
535
536
537
538
539
540
532
533
534
535
536
537
538
539
540
533
534
535
536
537
538
539
540
533
534
535
536
537
538
539
540
535
536
537
538
539
540
540
