513
513
513
267
268
513
513
294
513
521
91
513
521
521
513
513
513
513
521
521
521
521
521
513
493
513
521
513
521
521
513
513
496
513
521
513
521
521
513
487
180
513
513
513
513
513
513
521
513
513
91
521
513
254
521
521
180
496
513
513
513
521
513
521
513
513
521
521
521
513
513
521
513
513
521
521
521
513
521
521
521
521
513
521
513
521
513
513
521
513
513
521
513
521
513
521
521
91
513
513
304
521
660
661
687
649
650
649
651
652
622
602
622
652
97
478
479
480
481
148
149
160
209
210
211
480
87
249
250
249
672
648
649
681
682
683
144
87
478
479
671
672
-1
-1
