510
511
512
513
514
498
527
528
529
530
531
524
497
498
274
275
276
277
278
279
280
521
522
523
524
269
270
271
272
273
268
269
270
268
269
270
269
270
271
272
273
510
511
512
513
514
498
499
500
270
271
272
269
270
261
262
263
264
265
-1
270
271
272
273
274
275
276
277
278
279
280
281
282
283
284
285
286
287
278
279
280
281
282
283
284
285
286
287
286
287
531
282
283
284
285
286
287
278
279
280
281
282
262
263
264
265
266
267
268
269
270
271
268
269
270
268
269
270
271
521
522
523
524
258
259
260
261
262
263
264
265
266
267
268
269
266
267
268
269
516
269
270
258
-1
