2
2
14
2
2
2
311
312
2
58
2
243
501
680
681
679
680
134
135
321
322
594
96
97
508
295
201
664
665
666
491
469
263
264
561
562
583
584
585
212
214
334
464
123
467
501
2
2
300
2
574
575
445
44
206
207
208
520
-1
-1
106
107
108
109
110
111
112
113
658
112
113
401
402
401
184
128
129
130
131
127
128
129
130
131
426
94
564
565
255
533
123
124
400
168
373
336
570
571
41
42
124
169
518
519
520
617
441
404
405
605
441
577
578
57
295
296
297
591
609
610
570
519
305
306
567
369
596
357
293
233
134
135
231
597
512
32
353
448
291
58
663
75
76
392
