665
666
842
825
327
273
47
349
825
351
352
343
842
596
502
451
451
359
154
350
530
7
8
451
449
97
98
449
21
913
914
915
916
96
34
35
36
37
38
752
208
30
38
752
194
966
915
966
915
136
472
603
964
101
804
805
806
738
324
409
854
855
856
564
404
841
842
595
362
691
692
548
900
901
902
903
200
891
30
675
676
810
594
350
453
979
906
193
79
619
468
263
634
315
839
385
237
689
865
410
231
-1
863
864
73
331
924
925
4
814
150
860
931
971
14
15
98
112
178
56
116
12
717
178
717
718
952
966
358
841
842
666
931
11
935
633
634
146
12
12
147
139
14
-1
