13
13
13
3
3
3
3
13
13
13
13
13
13
13
13
13
13
13
13
13
13
13
13
13
13
13
13
13
13
3
3
13
13
13
13
13
13
13
13
13
3
3
4
13
13
3
3
3
13
13
3
3
3
3
3
3
14
14
14
14
14
4
4
3
3
14
4
14
6
6
14
14
4
4
14
14
14
4
4
4
4
3
3
3
14
4
4
6
4
4
14
14
14
4
14
3
3
3
3
3
3
3
3
3
3
3
3
3
3
3
3
3
3
3
3
3
3
3
3
4
14
3
3
3
3
3
13
3
3
3
3
14
4
3
3
3
14
3
14
3
3
3
3
3
14
3
3
3
3
3
3
3
3
3
4
3
14
14
3
3
3
4
4
14
3
4
3
3
3
14
3
3
3
3
3
3
3
3
3
3
3
3
3
3
3
3
3
3
3
14
14
4
3
14
3
3
3
3
14
14
3
3
3
3
3
3
3
3
3
3
3
3
14
3
3
