959
960
413
641
406
407
408
24
960
961
840
63
64
65
66
67
68
69
146
331
332
807
539
540
-1
48
158
159
160
588
961
733
48
365
366
448
719
826
205
779
780
781
782
133
586
907
266
267
268
269
439
500
588
35
36
827
828
93
131
132
155
14
863
864
865
85
86
811
103
663
664
757
162
543
150
846
25
224
629
664
846
25
847
842
152
153
366
899
900
688
447
655
655
361
842
843
140
141
142
683
907
239
195
41
34
779
780
661
729
930
729
729
366
99
100
718
717
57
73
-1
914
39
914
716
717
718
914
937
938
939
361
89
90
91
92
93
81
82
78
35
-1
101
102
-1
