89
90
91
92
93
177
93
962
190
93
37
38
190
98
67
68
69
70
71
72
73
74
765
766
567
568
54
55
52
32
496
497
139
115
720
55
217
218
219
776
777
767
703
451
790
119
762
763
764
721
760
761
762
763
105
592
788
43
-1
-1
271
272
273
274
275
276
277
278
279
280
281
282
283
284
285
286
287
635
636
280
412
388
389
299
244
555
556
557
558
559
560
591
28
348
349
636
439
440
441
442
677
678
952
971
972
973
974
975
976
977
978
979
980
981
961
336
337
338
339
340
185
674
904
905
570
571
572
573
574
575
576
297
298
299
432
896
897
898
243
244
245
874
28
-1
