46
47
137
113
114
136
77
105
46
47
48
-1
105
48
105
100
78
-1
105
144
145
137
-1
-1
-1
-1
-1
-1
91
91
-1
140
141
-1
112
113
114
115
116
114
115
116
120
163
164
113
114
136
137
115
116
113
114
105
145
-1
207
149
-1
-1
165
166
167
168
169
62
133
134
82
83
84
167
85
114
115
116
116
67
68
69
171
172
126
132
113
124
125
126
127
128
129
144
108
109
82
83
84
128
186
187
166
-1
160
161
162
161
162
184
186
187
188
156
154
155
154
183
162
187
188
161
162
161
156
185
186
187
188
183
184
186
166
148
160
161
162
161
163
156
128
129
130
131
132
-1
56
57
58
59
60
38
39
45
39
37
38
39
33
34
45
33
34
37
38
39
32
33
61
30
31
112
113
114
30
31
32
33
34
43
44
45
58
59
60
32
33
34
175
176
177
178
179
180
181
124
125
126
127
128
129
130
131
87
88
89
172
143
88
89
185
185
132
121
186
187
188
163
167
168
169
170
171
172
186
187
188
166
167
-1
