-1
-1
-1
-1
33
-1
-1
-1
-1
107
107
108
-1
96
97
64
52
53
78
78
79
-1
-1
33
34
-1
62
63
59
60
31
27
50
51
132
133
64
78
79
121
105
33
108
64
36
37
38
39
40
41
42
43
44
45
46
47
48
49
50
51
25
26
27
42
101
119
120
121
100
39
40
-1
78
78
78
67
68
68
-1
-1
-1
-1
-1
-1
107
71
72
-1
96
97
65
72
65
78
-1
53
68
-1
-1
-1
-1
-1
141
142
143
144
145
62
159
160
63
147
148
149
120
121
122
155
156
63
64
78
-1
-1
64
69
70
72
74
74
68
159
135
135
135
135
136
135
135
125
126
64
135
126
142
143
144
145
146
147
148
149
150
151
152
153
120
157
135
136
62
141
