392
393
15
16
17
18
19
20
21
22
23
24
25
26
27
28
97
7
8
9
10
11
12
13
14
15
16
17
18
19
20
21
22
23
24
25
113
114
115
74
24
25
26
27
74
75
76
77
130
87
527
119
120
120
120
120
120
-1
-1
-1
396
397
398
244
397
398
244
397
398
398
397
398
397
398
397
398
397
398
397
398
398
398
398
244
398
244
397
235
236
237
680
681
617
256
230
243
244
418
68
69
249
244
242
243
244
397
398
398
244
245
246
527
524
406
407
408
409
410
411
412
413
414
424
397
408
243
399
400
401
187
249
250
251
252
664
665
340
524
525
526
94
95
527
524
