193
203
203
84
203
203
203
203
203
203
203
203
203
203
57
203
112
57
57
57
224
114
203
203
203
203
203
203
203
224
112
203
203
112
30
240
41
41
203
203
84
146
41
193
31
84
203
203
203
203
203
203
203
203
57
203
203
203
57
119
119
119
119
119
119
119
119
119
119
119
119
119
119
119
119
119
119
119
119
119
119
119
119
119
119
119
119
119
119
119
119
119
119
119
119
119
119
119
119
119
119
105
105
189
105
105
179
188
75
203
203
210
203
112
55
224
224
224
57
57
210
210
203
119
119
203
112
119
119
119
119
119
119
119
119
119
119
119
119
119
119
119
119
