533
689
689
689
689
689
537
689
689
689
541
689
689
689
689
689
689
689
689
689
689
689
689
689
689
689
689
689
689
689
689
689
689
689
689
689
689
689
689
689
52
689
689
539
540
51
52
53
54
55
56
57
-1
-1
-1
-1
-1
-1
-1
-1
530
689
689
689
689
689
689
530
530
530
530
530
689
689
689
532
533
689
689
535
530
530
530
530
530
530
530
530
689
536
537
689
540
541
530
530
530
530
531
532
530
-1
689
689
689
536
689
536
537
538
539
689
689
538
539
689
689
689
689
689
689
689
689
539
689
689
689
689
689
689
689
689
689
689
540
689
689
689
534
535
536
537
689
689
