47
47
39
39
39
47
18
60
47
47
47
51
60
47
60
10
18
9
60
47
47
39
37
37
37
37
37
37
17
17
37
39
39
37
39
39
39
39
39
39
39
39
39
32
32
39
39
47
39
39
39
39
39
60
47
37
58
42
37
40
21
21
21
21
39
42
42
21
21
21
21
39
39
39
39
39
21
21
21
21
21
21
39
39
21
21
21
21
21
21
47
42
42
21
21
21
21
40
40
21
40
40
40
40
40
21
40
40
40
23
40
42
40
40
40
40
40
40
40
40
23
21
40
40
40
40
21
40
21
23
40
40
40
40
32
23
21
21
21
21
39
30
30
30
30
30
30
30
30
30
30
30
30
30
30
30
30
30
30
30
30
30
30
21
30
30
39
39
39
30
30
30
30
30
30
30
30
30
30
30
30
30
30
32
32
32
32
32
32
32
21
21
21
21
21
21
21
21
21
21
21
21
21
21
21
21
21
39
21
40
40
40
32
21
21
21
21
21
21
40
40
40
21
21
