147
119
30
78
78
78
30
30
30
112
103
103
103
30
149
224
5
103
119
119
224
114
203
114
112
224
57
112
112
112
112
224
112
112
119
164
224
101
134
203
203
57
134
109
240
103
78
78
78
78
78
78
240
134
134
240
134
103
78
203
30
78
134
134
103
112
103
103
203
203
103
103
103
240
240
134
103
5
5
5
247
240
224
70
240
109
109
134
240
101
30
55
240
30
30
203
109
109
30
41
103
5
5
5
203
203
203
203
203
203
203
203
203
203
112
203
30
5
78
112
78
78
103
78
5
5
240
134
134
134
134
203
203
41
78
78
119
119
119
5
78
187
224
103
103
119
103
164
164
103
103
103
103
103
134
103
103
78
240
134
170
224
203
57
57
78
78
103
103
103
203
146
203
203
112
75
119
228
240
240
240
69
109
224
103
203
203
203
203
203
203
203
203
203
203
203
203
203
203
203
203
112
203
203
112
112
112
112
203
78
134
134
134
134
78
78
78
78
78
78
78
78
240
203
203
112
134
