9
5
9
10
5
5
10
10
10
10
10
10
10
10
10
10
10
10
10
10
10
10
10
10
10
10
9
10
10
10
10
10
10
10
10
10
10
10
10
10
10
10
10
10
10
10
10
10
10
10
9
14
10
10
14
4
2
2
9
9
9
9
9
9
10
5
10
10
5
10
13
5
5
5
13
9
5
5
5
5
5
5
5
5
5
5
5
5
10
10
10
5
5
9
9
9
9
9
2
2
14
2
2
2
2
2
2
2
9
4
4
14
2
9
9
9
2
14
9
14
3
9
9
2
9
2
2
2
2
2
2
2
2
9
9
2
2
2
2
5
5
5
5
5
5
5
5
5
5
5
5
5
5
5
5
5
5
5
5
5
5
5
5
10
5
5
5
5
5
5
5
10
10
10
10
10
10
5
10
3
3
3
3
3
3
3
3
3
3
3
3
3
3
3
3
3
3
3
3
3
3
3
3
3
3
3
3
3
3
3
3
3
3
3
3
3
3
3
14
