119
119
119
119
119
119
119
119
119
119
119
119
119
119
119
119
119
119
119
119
119
119
119
119
119
119
119
119
119
119
119
119
119
119
119
119
78
119
103
103
134
119
119
119
119
119
119
119
119
119
119
119
119
119
103
119
119
119
114
104
156
203
174
144
144
144
144
44
44
188
105
105
44
144
200
201
114
188
203
188
201
115
44
247
247
70
105
55
247
69
180
44
200
39
105
44
39
39
69
119
8
103
78
78
119
119
78
119
119
78
78
119
8
112
119
119
119
78
78
119
119
119
112
119
8
119
119
119
112
112
78
240
180
180
112
78
119
103
119
109
69
146
203
203
5
41
41
5
5
5
5
5
57
203
203
5
203
112
112
112
203
203
224
203
203
203
203
5
5
224
112
240
203
203
5
5
203
203
57
146
146
57
147
78
203
55
119
119
78
78
78
78
5
103
5
203
5
5
57
203
86
240
203
5
147
147
112
5
86
203
203
5
240
203
203
203
203
114
147
147
147
147
224
78
