180
224
112
112
203
203
203
78
203
203
146
146
146
146
146
203
240
203
112
112
5
5
5
30
112
240
240
55
112
57
78
112
112
112
112
112
112
203
84
203
203
57
112
112
119
119
119
119
119
119
78
119
119
119
119
119
119
228
147
5
55
203
57
203
203
5
203
224
203
203
203
203
203
57
57
203
203
203
112
5
203
203
240
203
203
203
203
203
203
203
203
203
203
203
203
203
203
203
203
203
203
5
30
203
203
203
224
224
112
203
112
112
240
203
203
112
112
57
112
112
112
224
203
203
203
112
203
57
147
147
57
57
57
30
147
112
147
147
147
112
5
112
