170
7
7
104
104
160
104
7
101
224
224
104
210
114
104
104
115
30
103
103
78
5
115
112
235
235
224
86
223
247
247
235
247
70
247
247
105
134
109
146
146
41
64
115
41
146
203
203
203
203
203
203
203
203
203
41
198
201
39
78
203
203
57
57
57
224
224
57
112
112
30
191
188
55
240
84
7
7
5
30
30
78
41
78
41
99
41
170
99
64
99
240
5
78
41
146
39
146
156
146
247
223
70
112
234
234
235
183
105
105
247
70
183
234
234
235
223
234
183
70
70
105
188
234
105
115
105
103
103
103
105
234
183
234
134
234
234
183
234
235
234
5
