119
119
119
119
119
119
119
119
119
119
119
119
119
119
119
119
119
119
119
119
119
119
119
119
119
119
119
119
119
119
119
119
119
119
119
119
119
119
119
119
119
119
119
119
119
119
119
119
119
119
119
119
119
119
119
119
119
119
119
193
39
39
201
156
146
146
84
203
64
104
114
28
201
23
99
146
28
104
114
114
104
64
99
28
156
156
114
203
210
201
41
41
31
105
61
61
201
104
201
146
203
41
5
5
5
41
203
203
203
203
203
203
203
5
5
5
203
203
203
203
203
203
203
5
5
5
5
5
203
203
203
203
203
203
203
203
203
5
5
5
5
146
112
55
203
203
203
112
114
57
112
112
112
112
203
112
57
57
112
112
203
203
203
203
203
203
203
203
203
203
203
203
146
146
146
177
41
146
146
146
41
203
203
203
146
41
41
198
146
31
146
31
198
146
198
109
109
201
41
213
105
144
193
105
115
99
115
115
109
146
5
198
31
115
55
30
55
57
30
5
5
5
203
84
198
5
5
203
30
30
5
30
5
5
203
84
84
146
84
203
203
5
203
146
203
114
203
203
5
5
5
41
5
5
5
5
5
5
5
5
5
5
5
203
146
5
