424
425
426
147
150
151
562
423
276
395
560
561
632
633
634
635
358
523
227
271
523
421
104
105
106
107
108
107
108
65
129
130
66
67
68
87
133
134
135
84
231
232
233
234
243
417
140
397
408
409
429
140
417
140
398
234
126
126
243
232
232
233
234
417
612
407
126
234
232
233
26
231
232
233
234
398
408
409
254
135
257
109
397
398
132
84
139
140
243
132
83
84
111
232
233
268
231
232
233
234
398
406
231
232
233
234
243
232
233
234
406
407
397
398
234
233
234
233
234
234
397
406
407
234
398
126
232
417
140
233
234
233
234
234
397
398
268
-1
-1
-1
-1
-1
-1
-1
