607
610
616
607
607
630
631
632
623
247
606
607
610
611
611
611
611
611
611
611
611
507
508
628
629
636
637
638
616
617
611
611
611
611
253
254
255
611
532
533
634
611
611
611
617
618
611
611
611
619
620
621
250
-1
-1
-1
-1
-1
-1
-1
639
640
641
642
614
615
616
607
608
359
607
608
0
1
628
508
247
628
629
247
250
628
628
629
636
247
247
628
628
628
628
250
628
629
630
247
247
623
628
623
623
250
250
153
610
610
610
607
250
617
634
628
629
630
247
508
634
635
250
628
629
630
631
632
628
629
630
631
628
628
358
359
359
359
629
630
631
632
633
634
510
628
629
630
629
630
631
632
633
634
635
634
635
635
630
631
628
607
614
615
100
496
639
611
609
610
617
607
610
610
610
616
319
611
151
152
153
647
640
641
642
643
630
612
611
631
629
630
631
632
633
634
614
615
615
611
612
615
629
630
631
632
633
634
635
636
629
630
631
632
633
634
635
635
632
633
636
607
633
634
635
615
616
632
633
634
635
-1
