449
450
451
452
453
452
453
453
453
453
452
453
453
452
454
455
450
451
452
453
454
455
453
454
449
450
451
452
453
452
453
450
451
452
453
454
451
452
453
454
455
456
454
455
456
457
458
449
450
451
452
453
450
451
452
453
451
452
453
452
453
450
451
452
453
453
453
453
453
453
451
454
109
110
111
112
113
114
107
457
353
449
362
363
364
365
366
367
368
257
307
308
95
96
97
95
96
97
42
43
44
45
449
450
451
452
453
451
452
453
451
452
453
453
453
451
452
453
451
452
453
453
452
453
451
452
453
451
452
453
450
451
453
454
455
456
449
450
451
452
453
451
452
453
453
452
453
450
451
452
453
451
452
453
453
453
453
453
450
451
454
455
