119
119
119
119
119
119
119
119
119
119
119
119
119
119
119
119
119
119
119
119
119
119
119
103
103
103
103
8
119
103
119
103
103
103
103
103
103
119
119
240
170
86
75
170
7
7
240
119
240
240
109
69
170
170
8
8
119
119
119
119
103
119
103
103
103
119
103
103
119
103
103
103
103
103
103
134
134
103
103
103
8
103
8
119
103
103
103
103
103
103
103
103
103
103
103
103
103
103
103
103
103
103
103
119
119
119
8
119
119
119
119
119
119
103
103
8
103
240
170
240
119
119
119
119
119
119
103
103
103
103
103
103
119
119
119
119
119
119
119
119
8
134
103
240
