203
203
41
41
41
41
203
203
203
203
203
146
146
146
146
203
203
203
203
203
203
203
203
203
203
203
203
203
203
203
41
203
78
134
134
109
203
112
112
112
224
224
112
112
203
203
224
224
119
203
8
78
146
134
41
203
203
224
224
78
203
203
203
240
224
203
41
203
203
41
146
112
112
78
240
78
240
112
240
146
109
146
203
203
203
109
146
146
146
134
146
41
203
203
203
203
203
203
146
224
203
8
8
78
112
112
203
203
203
112
203
112
112
112
112
112
112
112
112
112
119
78
134
8
134
149
149
8
134
240
101
112
112
203
78
78
119
8
134
170
146
