119
119
119
119
119
119
119
119
119
119
119
119
119
119
119
119
119
119
119
119
119
119
119
119
119
119
103
119
119
119
119
119
119
119
119
119
119
103
119
119
103
103
119
103
103
103
119
119
119
119
119
119
119
119
119
119
119
119
119
41
203
41
203
30
203
203
112
84
203
203
203
203
112
203
203
41
203
224
224
203
203
203
203
203
203
203
203
203
203
203
146
134
203
203
203
203
112
103
112
112
203
119
119
119
119
119
119
119
119
119
119
119
119
119
119
119
119
119
119
119
119
119
119
103
119
119
119
119
119
119
119
119
119
119
119
119
119
119
119
119
119
119
