119
103
78
103
103
103
103
103
103
103
103
112
78
103
103
119
119
78
103
78
78
103
119
119
103
103
103
112
112
112
240
240
112
75
224
112
78
224
240
75
112
75
55
78
103
75
55
112
112
78
119
103
103
55
103
103
103
103
103
119
119
119
119
119
78
119
119
119
119
119
119
119
119
119
119
119
119
119
78
78
103
78
78
78
78
78
103
103
103
78
119
240
103
78
78
78
109
170
112
134
109
203
203
78
119
119
78
78
112
119
112
203
146
119
112
112
112
112
203
114
203
119
78
78
78
78
203
203
112
119
78
78
78
78
78
78
78
78
203
203
112
103
78
