83
84
85
86
158
616
154
335
336
337
338
339
689
66
213
214
215
216
217
218
217
218
225
63
68
225
67
64
65
66
67
65
66
67
62
63
64
65
66
67
68
225
63
64
65
66
67
66
67
66
67
62
63
64
65
66
67
62
63
-1
270
271
272
273
274
275
276
277
278
279
280
281
282
283
284
285
286
287
288
289
290
291
292
293
294
295
296
297
298
299
300
301
302
303
304
305
232
233
306
307
527
-1
241
242
243
244
245
246
247
248
249
250
251
252
253
254
255
256
257
258
259
260
261
262
35
281
282
262
263
264
515
298
513
521
47
48
49
50
51
52
276
277
278
279
