112
109
109
109
0
84
203
203
112
112
112
112
112
78
78
203
78
78
78
78
78
119
119
78
119
119
119
78
78
78
78
78
103
134
78
78
78
78
78
78
78
78
78
78
78
203
203
203
203
78
240
203
78
119
203
203
203
203
112
78
78
203
203
41
115
103
119
78
103
78
103
134
240
41
41
41
103
78
86
103
203
203
203
109
134
134
149
134
193
41
115
240
203
41
188
103
134
119
134
134
119
119
119
119
119
119
119
119
119
119
119
119
119
119
119
119
119
119
119
119
119
119
119
119
119
119
119
103
119
119
119
119
103
119
119
119
119
119
119
119
119
