457
221
264
35
262
263
264
263
264
263
221
262
263
264
265
262
263
264
263
264
264
264
261
262
238
255
52
251
251
263
54
251
251
251
30
31
263
264
241
33
26
27
31
238
68
69
245
39
238
221
222
41
238
516
30
31
251
267
268
263
254
255
256
257
258
265
266
267
268
269
262
258
265
266
267
268
269
268
269
267
268
269
268
269
268
269
269
268
269
268
269
267
268
269
268
269
269
268
269
269
-1
-1
217
246
238
514
251
27
263
238
34
265
266
267
268
260
261
262
259
260
267
264
265
260
261
266
267
516
223
259
260
261
265
266
267
268
269
266
267
268
269
514
255
-1
