248
249
259
257
258
259
260
259
256
257
515
232
233
234
235
236
237
53
248
249
249
249
249
248
48
247
250
59
249
248
249
249
261
248
249
261
248
249
248
249
248
57
58
59
249
261
261
248
249
261
261
253
254
227
247
248
259
257
256
220
255
256
227
35
36
37
38
251
224
255
224
518
218
233
223
257
224
59
253
255
268
269
255
256
257
256
257
256
266
267
268
538
553
554
593
643
570
531
532
267
520
513
250
251
262
263
423
226
227
30
267
268
37
38
227
265
257
266
267
226
227
269
220
221
222
223
257
257
258
249
261
57
227
256
257
263
264
42
43
44
45
510
511
-1
