472
514
472
472
650
472
473
179
472
650
57
58
59
60
61
62
63
64
65
66
67
188
189
190
191
192
193
194
195
196
197
198
199
200
201
202
203
204
205
206
207
208
209
210
211
212
213
214
215
216
217
218
219
220
221
222
223
224
225
-1
518
519
520
521
508
520
521
508
521
508
508
508
516
508
516
508
521
519
520
514
515
516
519
520
521
508
519
520
521
521
508
508
650
651
516
508
520
521
650
651
650
472
198
199
200
201
202
203
204
205
206
207
208
209
210
211
212
213
214
215
216
217
218
13
14
15
16
255
208
39
152
394
628
629
630
33
67
68
620
621
38
80
81
82
