500
501
502
329
653
501
502
329
329
502
653
329
501
502
501
502
653
501
502
501
502
502
502
330
331
332
333
54
55
56
500
1
2
679
680
681
682
500
501
503
-1
-1
318
-1
425
425
651
652
503
517
-1
644
-1
-1
4
54
55
502
653
329
499
500
654
655
656
500
654
655
500
654
655
656
657
658
659
53
40
315
334
335
4
234
54
55
56
57
58
59
60
61
62
63
64
65
66
67
68
69
70
71
72
73
499
500
501
502
54
55
502
653
501
502
501
654
655
268
2
3
-1
651
652
653
501
502
653
653
654
655
656
657
658
659
500
501
502
653
501
502
653
329
268
233
234
3
