5
5
41
146
5
146
146
109
5
203
156
203
203
203
5
203
203
203
203
41
146
156
177
145
28
44
213
145
41
5
203
201
44
188
247
247
103
193
5
78
224
203
203
104
84
64
146
146
146
41
41
41
5
55
57
39
203
203
203
203
146
112
224
224
146
146
146
146
69
201
39
146
41
41
39
109
109
41
201
39
109
109
39
69
69
39
247
193
146
203
99
44
44
69
69
44
104
41
146
203
64
64
224
112
112
78
224
224
70
70
70
70
247
240
203
224
203
203
203
30
112
112
112
224
203
224
112
203
203
41
69
203
203
203
203
203
134
134
240
55
30
240
134
