164
21
183
184
185
168
143
143
143
117
224
225
226
127
110
63
87
205
13
14
63
133
134
50
121
63
187
121
122
122
122
63
121
122
3
177
63
157
-1
84
85
187
-1
-1
99
193
167
168
169
170
171
172
99
-1
-1
99
-1
202
170
-1
130
183
184
-1
-1
203
117
212
213
123
124
196
197
198
156
99
-1
208
87
88
88
100
156
63
150
99
-1
-1
-1
156
157
143
79
99
127
127
128
-1
-1
143
101
205
87
88
88
89
90
69
70
71
72
83
84
85
86
121
123
183
102
170
158
166
167
221
167
87
88
99
-1
-1
-1
-1
137
138
101
166
167
5
6
7
87
166
129
63
216
217
189
190
177
178
221
222
223
224
225
-1
195
196
169
156
-1
148
63
64
187
187
184
185
218
219
220
66
-1
124
125
126
97
0
160
156
99
99
104
-1
63
201
64
65
66
67
68
69
70
71
72
141
140
141
124
125
61
62
121
120
70
132
122
122
122
123
171
-1
-1
-1
-1
166
167
168
169
170
171
172
167
99
130
131
132
-1
