145
146
147
139
140
141
138
139
88
88
170
171
172
139
168
169
170
171
172
170
171
172
88
88
169
170
144
166
167
168
169
170
171
172
172
88
170
171
172
88
172
88
168
169
170
171
172
88
88
169
144
223
168
169
206
78
-1
-1
-1
-1
104
105
77
103
103
145
102
103
139
140
87
88
140
138
66
67
68
69
66
134
135
136
137
32
33
34
35
36
37
38
39
40
138
139
172
140
141
46
101
102
103
148
104
105
215
104
105
105
105
105
105
105
77
78
79
198
76
77
148
145
104
210
46
201
129
102
103
104
77
104
105
105
105
105
105
105
105
77
103
104
105
105
105
-1
30
31
32
33
34
35
36
37
38
39
40
41
42
43
44
45
34
35
36
37
38
39
40
41
138
140
141
136
137
48
49
50
87
88
167
168
169
170
140
87
-1
-1
0
1
2
3
4
5
6
7
8
9
10
11
12
13
14
15
16
17
18
19
20
21
22
23
24
25
26
27
28
130
131
132
126
127
128
129
130
131
132
191
-1
-1
