131
131
131
131
131
152
131
131
132
133
134
131
132
131
131
131
131
132
131
131
131
131
131
131
131
132
133
134
135
86
87
88
89
90
91
92
93
94
85
131
132
-1
131
102
103
103
131
132
133
131
131
131
131
131
131
131
131
132
133
134
135
133
134
135
59
60
61
15
16
17
18
131
34
35
36
37
73
161
44
49
152
153
154
155
123
118
119
74
103
151
152
153
154
155
156
157
131
132
133
134
135
-1
130
131
121
122
131
131
131
122
123
124
125
131
131
131
131
132
133
134
135
64
133
134
135
17
18
19
20
93
94
110
128
129
130
131
132
133
134
135
130
135
81
82
83
84
85
86
87
88
89
90
91
92
93
94
90
91
92
93
94
90
