95
96
-1
-1
32
106
89
90
87
117
117
113
114
117
134
135
11
91
92
-1
133
91
92
92
62
91
92
131
130
131
62
62
62
145
146
147
148
91
-1
138
139
140
15
16
17
18
134
135
11
12
126
127
128
135
19
20
2
3
4
5
134
135
1
2
3
4
5
6
7
8
9
10
133
-1
153
154
-1
125
126
135
110
106
86
129
130
131
151
97
98
71
62
110
115
110
67
140
71
-1
110
67
64
99
124
58
71
-1
25
26
92
93
62
99
100
43
44
45
46
47
48
49
50
30
42
43
71
43
44
45
30
31
31
42
0
1
2
3
4
5
6
7
8
9
10
11
12
13
14
15
16
17
18
19
20
8
9
10
11
12
129
130
19
20
