-1
-1
-1
-1
-1
201
-1
-1
-1
-1
-1
-1
-1
-1
510
-1
-1
-1
133
606
637
623
623
606
606
617
630
631
632
633
633
632
633
634
623
623
623
622
622
630
631
632
633
631
632
633
78
628
628
630
631
632
633
633
242
637
637
637
632
-1
637
637
637
373
637
637
637
637
637
637
373
566
633
637
637
637
606
583
617
629
637
637
637
637
636
635
637
637
637
637
637
637
637
637
637
637
637
637
637
637
637
-1
304
510
613
614
123
304
613
133
133
607
608
613
123
124
613
25
510
510
607
608
609
610
643
644
304
133
304
608
609
610
2
373
623
624
304
613
304
494
495
613
304
642
637
637
637
637
637
637
637
637
637
637
637
637
631
632
633
629
629
629
637
637
637
637
631
632
633
637
637
637
637
637
637
637
637
637
637
637
632
633
637
637
637
637
637
636
637
637
637
373
153
2
636
629
637
637
373
636
636
637
646
373
373
240
241
242
241
585
373
636
629
636
373
249
250
250
250
640
373
637
428
373
636
637
637
-1
