630
631
632
633
634
635
634
630
631
632
631
632
631
632
632
632
632
631
632
632
632
632
631
632
632
631
632
632
632
633
634
630
631
632
631
632
632
631
632
631
633
634
629
630
631
633
634
635
631
632
633
634
635
-1
-1
-1
-1
-1
-1
-1
633
634
635
636
637
638
639
640
364
365
634
635
636
255
256
341
463
464
641
561
562
563
185
153
558
559
37
38
633
634
635
636
315
316
501
502
503
306
225
226
227
507
633
634
635
634
635
634
635
634
635
635
634
635
635
635
635
634
635
635
635
634
635
634
635
634
3
4
633
634
635
635
635
632
633
634
635
635
636
78
-1
-1
-1
-1
633
634
635
636
635
636
633
634
635
635
635
636
633
634
635
634
635
634
635
634
635
397
635
636
637
633
634
635
457
458
459
634
447
633
634
635
636
633
634
635
-1
-1
633
634
635
635
635
634
635
635
634
635
635
635
635
635
634
635
636
637
414
635
636
633
634
635
635
636
637
633
634
635
635
634
635
634
635
635
635
635
634
636
634
635
