428
429
219
429
430
430
430
430
430
267
430
11
430
217
430
430
430
430
430
430
430
430
437
438
430
430
430
430
451
452
430
430
430
430
430
430
354
365
430
430
430
430
438
430
353
354
430
430
432
433
412
430
430
430
430
430
430
430
430
430
430
430
430
430
430
455
456
364
430
430
430
430
430
-1
1
402
163
450
221
449
168
169
449
328
416
417
341
-1
253
254
255
384
327
114
280
288
289
131
132
280
430
319
454
455
452
278
280
282
449
450
416
417
280
402
449
450
450
450
288
402
449
450
450
288
289
356
-1
-1
-1
-1
-1
-1
451
452
453
453
452
453
453
452
453
452
453
452
453
452
453
452
453
452
453
453
452
453
452
453
452
453
453
452
453
-1
