438
438
110
438
354
355
232
233
233
438
108
109
110
108
233
438
231
232
233
108
-1
-1
438
-1
231
232
438
231
232
233
438
438
86
438
134
-1
134
-1
331
438
171
172
450
451
452
453
451
452
453
452
453
451
452
453
452
453
451
452
453
453
451
452
453
453
453
452
453
451
452
453
453
452
450
451
452
453
454
453
438
438
438
438
438
438
438
439
438
438
438
134
438
438
438
438
438
438
438
438
438
438
438
438
439
440
159
160
161
173
173
282
439
440
159
160
161
161
173
161
160
437
159
160
161
161
60
61
172
461
159
455
160
161
450
451
452
453
452
453
454
451
452
453
454
455
450
451
452
453
453
452
453
453
452
454
455
438
438
438
438
438
438
438
