493
689
520
598
520
520
521
522
523
493
582
0
520
520
689
0
520
689
582
520
521
522
520
598
520
0
598
520
493
582
583
584
626
627
628
629
57
582
493
598
0
364
520
521
522
520
521
522
523
493
689
520
689
0
582
583
584
585
520
-1
689
582
583
584
520
0
520
582
582
0
520
521
520
582
0
598
599
679
598
582
583
584
585
586
587
588
493
494
495
598
599
598
582
493
598
582
583
584
585
586
587
598
201
202
203
204
205
598
493
369
370
371
372
598
487
488
489
490
491
492
438
200
467
468
469
470
471
472
473
226
171
172
493
494
495
496
497
498
499
500
501
502
503
504
