115
30
78
30
78
78
78
78
78
78
30
78
78
78
103
78
78
78
78
78
78
78
119
78
8
119
228
8
8
78
228
8
8
8
101
75
78
78
112
75
101
202
75
8
119
224
112
55
8
30
112
30
8
202
101
75
8
103
103
78
119
119
119
119
119
103
103
103
103
103
78
119
103
103
103
103
103
103
103
103
103
103
103
103
103
103
103
103
103
103
103
103
103
103
103
103
103
103
103
103
224
112
8
78
8
202
78
8
202
103
103
103
103
119
119
78
119
119
103
78
103
119
119
103
103
202
103
119
119
119
103
103
103
103
103
103
103
103
103
78
119
