320
1
314
315
316
351
39
144
336
337
246
146
4
5
6
7
547
3
279
280
281
451
1
672
175
176
177
662
187
188
282
283
284
285
286
287
288
289
181
677
417
675
676
183
184
185
648
335
336
689
295
341
669
670
671
672
72
-1
-1
-1
0
1
2
3
4
5
2
3
4
5
5
3
4
5
1
232
233
-1
-1
-1
683
684
685
686
687
0
1
2
3
4
5
500
501
502
3
498
499
500
501
3
565
566
1
2
3
4
600
1
2
575
576
577
2
3
4
5
276
277
332
333
43
0
1
2
653
654
655
656
536
537
-1
315
316
317
318
674
675
676
677
678
679
680
681
5
0
1
2
603
604
3
4
5
233
234
235
236
237
238
239
240
241
242
547
653
1
-1
-1
-1
545
546
547
3
303
304
305
306
-1
3
-1
547
548
-1
-1
-1
-1
-1
232
233
234
235
236
237
4
484
485
486
306
307
491
323
324
248
2
153
523
524
525
243
244
535
565
566
567
568
569
547
548
549
550
551
552
465
480
481
345
43
43
-1
