422
423
424
425
426
427
1
420
421
422
390
421
422
423
424
425
426
427
4
5
6
417
418
419
420
421
422
423
424
425
426
427
428
429
430
431
407
408
409
410
411
484
416
417
418
419
420
184
185
186
424
425
426
427
428
406
484
181
182
107
484
2
421
422
423
424
370
406
230
485
486
171
39
40
177
178
179
180
181
182
183
184
185
186
187
188
189
190
191
5
6
7
8
9
10
333
334
191
192
352
1
2
183
418
419
420
421
422
423
424
425
426
427
428
386
387
388
126
127
407
169
411
412
413
414
415
416
417
418
126
127
128
179
180
181
182
183
184
185
186
187
188
189
190
191
0
1
2
421
422
423
406
182
407
484
384
484
485
231
232
31
375
