408
430
328
194
195
145
146
199
408
408
408
165
188
407
408
408
408
408
408
408
408
408
408
408
408
408
408
408
408
408
408
408
6
408
408
408
4
5
6
7
408
-1
43
44
6
408
408
421
176
80
145
491
52
53
-1
393
408
23
24
20
358
20
20
358
368
243
-1
228
-1
145
358
374
2
3
4
410
411
412
413
414
415
416
417
418
419
176
408
408
32
211
212
386
387
406
188
189
8
408
198
408
408
-1
136
137
358
-1
223
20
360
-1
52
385
204
4
5
6
408
408
409
195
410
408
408
408
408
408
408
429
173
32
203
217
115
217
218
195
196
130
286
382
80
210
115
367
362
363
-1
199
120
176
176
194
195
356
363
364
218
176
367
115
115
145
