144
145
-1
0
1
2
3
4
5
6
7
8
9
10
11
12
13
14
15
13
14
15
14
15
7
8
9
10
11
12
13
14
15
4
5
6
7
8
9
10
11
12
13
212
184
2
3
4
5
6
7
8
9
195
-1
-1
-1
-1
-1
-1
223
7
8
9
191
192
193
194
195
196
197
198
183
215
216
217
218
-1
-1
-1
-1
187
188
189
190
191
-1
218
-1
-1
-1
-1
-1
183
184
185
-1
44
-1
-1
54
52
224
4
221
222
-1
191
192
193
10
11
12
13
182
183
13
14
213
2
3
4
5
6
7
8
9
10
11
218
219
-1
182
-1
54
-1
184
0
1
188
33
194
-1
-1
10
196
3
214
14
15
212
213
214
183
184
0
1
2
3
4
5
6
7
218
219
185
186
185
186
183
182
183
6
184
185
185
103
0
1
2
3
4
199
10
11
-1
0
1
2
3
4
5
6
7
8
9
10
11
12
13
14
15
214
9
10
11
12
13
14
213
6
7
184
9
211
212
213
0
1
2
220
3
4
5
6
-1
-1
-1
