5
194
6
7
8
9
198
7
193
194
195
3
4
5
6
7
8
9
186
147
148
149
217
218
147
148
149
150
208
7
202
203
-1
182
183
-1
6
-1
203
204
205
206
207
109
-1
-1
-1
-1
-1
64
65
66
67
-1
110
111
112
-1
-1
-1
68
69
70
71
72
73
-1
123
124
125
-1
-1
21
22
23
-1
57
58
59
185
-1
-1
93
94
95
96
-1
57
185
-1
-1
111
112
-1
-1
47
48
49
-1
54
-1
-1
184
185
185
185
129
184
185
185
185
185
185
185
185
185
185
185
185
165
184
185
185
72
73
74
75
76
77
78
170
113
114
115
116
117
185
138
139
184
185
47
48
49
151
152
153
154
155
156
157
165
166
167
168
169
78
79
152
153
154
155
156
157
169
168
169
78
79
152
153
154
155
156
16
17
167
168
184
185
-1
-1
-1
-1
-1
-1
0
1
2
3
4
5
6
7
8
9
10
11
12
13
14
15
2
3
4
5
6
7
220
5
6
7
8
9
10
11
12
13
204
7
8
9
10
11
12
13
14
-1
