181
182
64
65
14
226
102
103
104
185
185
184
185
225
226
227
227
227
226
227
227
227
227
183
184
185
184
185
185
185
14
148
184
185
14
225
14
182
183
184
185
184
226
227
144
225
226
227
227
103
104
225
13
14
147
182
147
226
184
185
0
1
2
2
1
2
1
2
1
2
1
183
184
185
0
1
103
104
105
106
180
185
184
105
0
1
2
104
105
106
180
105
158
14
14
182
182
147
102
103
104
104
156
157
158
104
105
106
107
155
147
148
104
105
106
180
184
185
105
65
185
104
185
104
104
105
180
104
14
14
155
156
157
158
104
72
73
74
153
154
155
156
157
-1
97
98
99
-1
-1
145
145
145
145
-1
136
137
138
139
140
141
142
-1
-1
-1
-1
147
182
182
14
182
183
184
225
0
184
185
227
139
-1
181
182
15
2
2
1
-1
182
183
184
185
185
184
14
14
14
15
2
2
183
184
185
185
104
185
184
185
184
185
104
104
14
15
148
149
65
104
1
2
147
148
149
150
147
182
14
15
1
2
