457
458
459
221
222
215
216
459
460
220
220
220
460
433
459
460
460
460
196
459
460
218
219
220
460
220
460
220
460
220
145
459
460
220
460
220
218
219
220
460
220
460
220
460
460
220
220
460
460
353
463
464
574
10
462
267
268
269
-1
-1
1
2
3
4
5
295
296
297
298
248
249
250
544
251
252
248
249
294
5
248
2
3
525
37
38
567
568
569
566
559
292
293
294
295
296
550
537
555
556
295
296
248
465
5
6
7
4
5
6
5
6
7
0
1
2
3
4
465
466
1
2
461
462
1
2
461
39
57
272
273
567
568
568
247
248
249
250
547
548
549
248
281
282
283
402
248
249
520
528
528
461
247
248
466
467
464
465
466
249
520
465
254
255
256
257
258
259
260
261
262
263
264
265
266
267
268
299
481
482
404
510
511
512
491
461
-1
461
551
552
518
248
2
3
461
553
463
282
42
43
44
32
463
289
334
466
467
3
4
552
4
327
248
249
250
548
287
461
0
465
466
467
49
50
465
282
283
284
-1
