571
572
572
572
572
572
572
572
572
572
572
572
572
572
572
572
572
572
572
572
572
572
572
572
572
572
572
572
572
572
572
572
572
572
572
572
298
572
592
593
182
571
572
572
572
572
572
572
572
572
572
572
572
572
584
571
572
572
-1
-1
550
46
47
278
-1
513
514
515
516
40
506
490
508
509
40
515
488
534
552
227
296
535
534
-1
506
328
329
502
508
466
328
29
-1
506
489
527
528
506
236
237
531
-1
571
-1
595
298
299
571
572
294
571
572
298
299
0
-1
14
571
572
572
298
299
571
572
572
13
572
-1
571
572
572
14
15
290
138
-1
-1
13
276
572
578
572
57
58
567
296
297
3
246
246
1
2
3
2
3
464
296
297
2
547
13
14
15
282
283
284
285
286
287
287
1
2
250
251
682
277
278
2
3
543
544
464
565
566
464
267
294
295
467
571
572
298
299
299
299
3
601
3
548
2
3
464
271
-1
686
282
3
267
268
15
3
-1
286
287
1
681
295
296
297
547
549
255
256
257
258
270
294
-1
