204
205
206
207
472
473
211
75
200
201
214
407
408
210
211
212
213
480
208
209
187
188
189
190
191
192
193
194
195
196
74
75
76
77
78
79
80
81
82
83
84
85
242
243
4
207
208
209
210
228
201
202
203
204
205
206
391
392
386
387
197
472
198
199
209
210
211
183
184
185
186
187
72
73
74
75
76
77
78
79
80
81
82
83
84
85
86
87
88
89
90
91
92
93
94
95
96
97
199
89
90
91
72
73
74
75
76
77
78
79
80
81
82
83
84
85
86
87
88
89
90
91
92
93
94
95
96
97
86
87
88
212
102
103
104
105
106
107
108
109
110
111
112
113
114
115
116
117
118
119
120
121
122
123
124
466
467
468
469
470
198
199
