596
339
340
340
338
678
121
122
611
597
598
598
598
-1
-1
147
-1
-1
-1
-1
-1
116
117
-1
116
117
117
-1
-1
-1
-1
-1
115
644
-1
-1
-1
-1
-1
-1
-1
-1
-1
-1
-1
158
159
160
160
-1
168
148
-1
117
146
147
148
122
611
-1
-1
147
148
149
483
115
116
-1
102
-1
616
644
168
169
264
428
614
-1
123
104
146
147
148
618
644
644
634
644
689
145
178
132
160
161
685
112
644
116
644
644
-1
-1
116
117
117
117
117
117
117
117
117
117
117
117
117
117
117
117
117
117
117
117
117
117
117
117
117
117
117
115
116
117
117
117
115
116
117
117
117
117
117
117
117
-1
