30
30
161
161
161
30
149
15
7
7
188
53
53
53
105
7
53
7
23
7
84
109
109
240
203
41
146
99
39
99
44
7
41
44
44
39
99
33
33
33
161
193
41
161
161
33
7
105
105
161
247
109
39
98
44
105
109
105
146
240
0
41
224
203
146
188
224
114
210
203
203
84
115
247
149
55
115
115
115
223
235
247
247
104
145
223
180
23
39
0
39
109
146
115
115
70
247
41
109
203
30
203
203
203
203
203
203
203
203
224
41
203
203
203
224
41
0
203
203
203
114
114
156
41
41
203
203
203
203
146
203
203
203
41
41
41
109
105
105
109
193
