38
39
40
162
173
254
201
202
243
130
131
132
424
415
416
173
113
114
107
108
109
15
14
42
43
44
45
46
24
118
119
114
68
118
119
44
45
46
15
24
44
126
127
41
20
21
120
173
120
424
423
136
310
425
108
109
19
20
131
132
670
671
655
659
660
331
671
672
329
399
88
413
399
65
65
189
413
399
330
671
672
88
329
64
190
168
329
65
672
88
672
413
400
533
77
78
532
533
533
76
533
-1
18
19
20
21
22
23
24
45
46
113
114
21
22
23
24
170
171
108
109
45
40
128
129
130
20
21
22
23
24
44
45
46
107
108
109
113
114
120
41
15
-1
-1
