146
23
24
25
23
67
401
47
146
147
23
84
85
86
87
88
172
67
23
23
67
22
23
67
170
171
172
121
122
168
169
661
662
411
107
670
671
672
19
398
399
400
401
402
607
402
332
123
661
411
66
564
565
574
123
446
337
462
124
329
121
122
123
105
46
47
112
113
673
109
16
17
-1
77
103
322
323
106
228
195
196
265
187
168
169
170
185
133
-1
250
6
156
157
516
203
248
259
22
23
160
22
-1
163
164
165
166
156
149
98
99
29
107
0
161
329
162
163
164
313
24
25
26
132
53
29
10
11
162
163
164
160
161
162
163
130
156
313
688
313
498
436
688
424
-1
