227
25
25
25
25
25
25
25
25
25
25
25
25
25
25
25
226
227
25
226
25
25
25
25
25
25
25
25
25
25
25
25
25
25
30
227
227
25
25
25
25
25
25
227
25
25
25
226
226
25
25
226
25
25
25
25
226
25
25
30
3
185
236
255
255
255
255
219
236
255
255
227
3
162
118
94
236
236
255
94
10
10
94
94
94
140
118
172
118
225
185
118
118
225
170
227
3
3
255
227
119
119
119
119
119
119
119
119
119
119
119
119
119
119
119
119
119
119
119
119
119
119
119
119
119
119
119
119
119
119
119
119
119
119
119
119
119
119
119
119
119
119
