329
330
331
332
333
334
335
91
305
306
399
8
399
121
306
330
331
332
333
306
333
331
332
333
153
330
331
332
333
90
273
447
153
273
58
330
331
332
333
153
90
121
399
153
8
306
330
331
332
333
331
332
217
18
4
5
6
7
8
306
633
634
635
636
637
77
576
577
185
2
3
4
335
217
17
18
18
2
3
4
5
4
5
18
4
5
3
4
5
3
4
227
234
235
22
345
346
623
180
4
5
-1
112
113
114
115
116
88
352
351
352
353
353
350
354
214
215
54
358
349
350
213
17
18
19
20
611
612
351
352
150
387
388
353
354
214
354
149
118
119
348
349
350
-1
