634
635
636
637
379
21
307
410
408
409
292
325
320
648
487
174
175
379
286
170
479
620
621
622
228
379
423
174
41
637
625
574
575
41
42
205
425
426
450
37
38
39
414
415
450
370
371
372
373
165
102
41
73
65
-1
549
550
165
241
-1
215
216
217
117
225
-1
-1
74
75
76
107
108
172
420
421
422
423
424
490
658
72
433
434
435
21
22
23
24
596
82
390
562
357
347
348
349
63
242
241
101
102
230
-1
584
585
586
587
52
-1
-1
585
586
196
197
214
-1
-1
-1
-1
149
-1
-1
586
587
585
-1
-1
-1
-1
87
-1
-1
-1
-1
-1
-1
610
611
612
37
-1
389
390
-1
