266
13
160
19
20
267
268
269
270
271
272
273
274
275
276
277
278
252
270
271
272
252
253
254
255
270
271
272
273
274
275
276
277
252
253
254
255
256
257
258
259
270
271
272
273
274
252
43
94
251
252
270
271
272
273
274
275
276
-1
-1
499
500
501
502
503
504
505
506
507
508
509
510
511
512
513
514
515
516
517
518
252
12
275
276
277
252
253
254
91
14
170
93
48
49
268
269
270
252
270
271
272
-1
503
504
505
506
507
508
509
510
511
512
513
514
515
516
517
518
519
520
521
522
523
524
525
526
527
528
529
530
531
532
533
252
270
271
252
253
270
252
270
252
253
270
