645
646
639
807
808
807
808
809
620
644
645
645
645
645
808
809
809
644
645
645
808
809
809
620
621
622
645
646
639
621
622
621
622
622
622
640
110
620
621
622
621
622
622
808
809
645
646
621
622
621
622
639
621
622
622
621
622
639
622
621
620
621
622
639
622
621
622
644
645
808
809
620
621
622
622
639
639
621
640
638
639
640
333
807
645
805
806
620
621
622
639
622
645
646
622
622
640
620
621
622
621
622
620
621
615
616
134
121
620
621
622
639
622
639
621
622
621
622
622
645
646
640
3
110
110
3
333
807
646
621
640
333
807
646
622
639
639
621
622
639
622
640
333
-1
