203
203
203
203
203
203
203
203
203
203
203
203
203
203
203
203
203
203
203
203
203
203
203
30
203
203
203
203
203
203
203
203
203
203
203
203
203
203
203
203
203
203
203
203
203
203
203
203
203
203
203
203
203
203
203
203
203
203
203
203
119
119
119
119
119
119
119
119
119
119
119
119
119
119
119
119
119
119
119
119
119
119
119
119
119
119
119
119
119
119
119
119
119
119
119
119
119
119
119
119
240
240
203
30
112
119
119
119
119
119
119
119
119
119
119
119
119
119
119
119
119
119
119
119
119
119
119
119
119
119
119
119
119
119
119
119
119
119
119
119
119
119
119
