10
10
10
10
10
40
40
40
42
42
49
10
10
35
35
35
35
35
35
35
35
24
49
42
40
55
55
55
10
56
35
35
35
35
24
24
24
35
24
24
40
35
35
35
56
24
35
35
35
56
56
23
42
55
55
55
55
23
23
10
10
49
49
10
49
55
55
42
49
42
42
40
42
42
42
42
40
55
42
42
42
42
42
42
42
42
40
40
42
42
42
42
42
42
42
42
55
10
10
10
10
42
56
40
42
40
40
42
49
40
40
42
42
40
40
40
40
42
40
40
40
42
42
49
49
49
49
40
40
40
40
40
40
23
42
40
40
40
40
40
40
40
40
40
40
40
40
40
40
42
10
23
23
24
55
55
35
24
10
56
10
10
10
10
10
24
35
24
24
55
55
55
55
55
55
40
23
35
40
40
40
40
40
40
40
23
23
23
35
23
23
40
40
40
40
40
40
40
55
40
40
40
40
40
40
40
40
40
40
55
10
40
40
40
23
10
40
40
40
40
