184
184
184
184
184
7
184
184
184
184
184
184
184
184
7
184
184
184
7
70
103
70
70
70
70
223
112
112
112
112
112
112
112
228
70
70
70
235
235
112
112
112
112
112
112
112
235
235
235
112
112
112
112
112
234
103
103
103
112
103
103
103
149
103
103
103
103
103
103
149
234
112
103
103
103
70
234
223
75
103
103
103
103
202
228
103
103
103
103
103
103
103
103
103
103
103
103
103
103
103
15
7
15
170
29
15
15
7
7
98
98
15
29
98
15
98
7
7
98
98
98
98
161
161
15
7
15
98
98
98
136
149
70
98
15
15
15
29
29
15
15
161
103
103
103
103
103
103
103
103
103
103
103
103
112
112
112
75
75
75
103
103
103
103
112
112
112
103
103
103
103
103
103
103
103
103
103
103
112
112
103
103
103
103
103
202
103
103
103
149
214
136
202
75
103
103
149
202
202
103
161
149
149
234
234
234
234
29
149
202
75
202
149
117
235
235
235
161
149
103
234
149
202
103
103
