235
84
84
84
103
103
103
103
103
235
103
235
103
235
103
103
103
103
103
103
103
103
235
235
103
103
103
103
150
150
103
103
103
103
103
103
11
235
103
103
103
103
235
103
168
11
103
103
168
184
184
103
103
103
103
103
103
103
103
103
103
103
103
103
103
11
11
235
103
103
103
103
103
135
220
199
184
187
220
187
78
78
187
78
220
220
84
135
220
243
243
243
216
243
199
199
78
220
78
199
103
243
11
11
150
184
199
199
187
187
220
220
199
199
187
187
187
187
199
199
187
187
187
199
78
220
150
150
150
150
150
150
150
150
150
150
150
150
150
150
150
150
150
150
150
150
150
150
150
150
150
150
150
150
150
