10
35
36
35
35
35
35
36
36
36
36
36
36
24
36
36
36
36
35
36
36
54
36
36
36
36
36
36
36
36
24
36
36
36
36
36
54
36
36
36
36
36
36
36
36
36
36
36
36
24
40
40
1
32
40
32
32
32
21
21
21
21
21
39
39
39
21
40
39
39
39
32
32
40
39
21
21
40
21
21
9
62
62
9
9
47
47
47
39
39
21
39
39
42
18
47
47
39
39
40
40
21
32
32
21
21
32
21
32
32
21
21
21
21
21
40
40
21
21
23
40
21
21
23
46
9
39
21
9
9
9
39
40
39
39
39
39
39
40
21
21
21
14
40
39
55
19
19
23
39
40
40
40
40
40
40
39
55
40
32
32
32
32
32
32
32
32
32
32
32
32
32
32
32
21
17
17
19
17
17
17
58
23
23
42
42
39
40
21
21
23
42
40
21
42
10
10
42
40
21
55
40
40
21
21
42
21
55
40
39
39
39
21
23
21
40
40
40
42
42
40
21
21
39
