14
10
14
9
9
2
2
14
9
2
14
14
10
10
13
13
10
10
3
3
3
14
10
3
14
14
14
3
14
14
3
3
3
3
3
3
3
3
14
3
14
3
3
14
14
14
3
14
9
3
3
14
3
3
3
3
4
10
10
10
10
10
10
10
10
10
10
10
10
10
10
10
9
9
5
5
5
9
9
9
9
9
10
10
10
10
10
10
9
9
9
10
9
9
9
9
10
9
9
10
10
10
10
3
10
10
3
3
3
10
10
10
10
3
3
14
4
4
10
10
10
3
3
3
3
4
9
5
9
9
4
14
3
3
3
3
3
9
9
9
10
10
10
10
3
3
10
10
10
9
9
9
9
9
9
2
9
9
9
10
3
10
5
5
5
13
13
10
10
9
9
2
9
5
10
5
10
13
5
5
5
5
5
9
9
9
9
9
9
10
2
2
2
9
9
14
2
4
3
10
14
2
9
9
2
2
9
9
9
9
9
9
10
13
13
13
13
13
11
2
2
4
4
4
