100
42
43
33
34
35
36
37
43
44
45
130
132
133
134
131
132
104
105
43
103
105
131
131
9
10
8
131
131
131
131
132
130
131
9
8
9
8
43
105
131
131
157
-1
135
136
137
138
131
132
133
134
43
44
30
69
-1
-1
-1
50
141
142
143
144
-1
-1
136
137
-1
6
153
-1
-1
73
73
103
11
73
10
11
138
130
131
131
9
10
8
131
131
131
131
132
-1
8
73
103
104
-1
73
104
105
73
156
131
132
133
134
131
132
-1
8
9
10
140
141
73
-1
-1
-1
-1
3
-1
-1
-1
-1
-1
-1
-1
73
73
103
-1
10
73
74
131
131
131
131
131
131
131
131
131
131
131
131
131
131
131
43
105
131
131
131
131
73
74
131
131
131
131
