94
34
35
49
-1
18
19
20
67
111
42
42
42
42
105
131
42
105
105
104
105
42
105
131
129
130
103
104
105
42
43
103
104
112
75
112
11
130
112
43
44
44
2
105
8
9
158
159
3
42
8
9
10
134
135
136
137
138
0
161
7
8
154
1
147
8
9
151
152
153
6
149
42
111
42
156
105
105
105
42
4
65
62
63
131
112
105
67
131
132
41
42
74
130
105
102
130
-1
-1
-1
-1
-1
42
105
111
112
112
11
111
106
112
42
105
104
130
111
117
111
112
112
75
130
74
131
112
105
59
60
61
34
58
19
131
73
130
131
131
131
131
112
11
105
130
131
131
131
131
131
131
67
112
113
130
131
131
131
112
109
110
111
112
130
