124
12
106
42
43
110
115
116
90
140
141
75
3
60
61
96
112
113
114
96
97
98
88
75
76
96
97
98
88
25
7
48
129
48
129
48
66
129
130
128
129
66
66
129
48
129
66
129
48
66
129
129
48
66
67
124
125
126
131
132
65
66
66
129
130
131
104
105
82
83
131
132
131
129
130
70
71
66
48
48
130
104
44
129
130
131
132
132
70
100
130
131
132
129
130
131
70
83
132
70
60
-1
130
131
132
131
132
132
132
131
132
131
132
131
132
132
128
129
130
131
132
132
132
131
47
48
66
66
67
132
132
131
132
131
132
132
62
62
69
62
3
4
96
-1
