65
66
67
130
130
66
67
66
67
130
66
67
66
67
66
67
67
130
67
130
130
130
66
44
65
66
67
67
130
130
66
67
66
67
130
66
67
66
67
67
67
66
67
130
130
66
67
130
67
66
67
130
67
130
67
66
67
66
67
67
132
132
132
132
132
132
132
132
132
132
132
132
132
132
132
132
132
132
132
132
132
132
132
132
132
132
132
132
132
132
132
132
132
132
132
132
132
132
132
132
62
-1
119
47
44
127
132
132
132
132
132
132
132
132
132
132
132
132
132
132
132
132
132
132
132
132
132
132
132
132
132
132
132
132
132
132
132
132
132
132
132
132
132
132
