127
128
129
130
10
130
27
128
129
14
15
127
128
129
130
131
141
14
15
127
128
129
14
15
127
128
129
130
130
31
127
128
129
130
128
129
130
10
127
128
129
130
129
130
130
101
102
130
14
15
15
100
101
102
95
33
100
100
100
-1
127
128
129
130
130
130
130
128
129
130
129
130
129
130
129
130
129
130
130
23
127
128
129
130
129
130
129
130
130
128
129
130
129
130
129
130
129
130
31
128
129
130
100
96
101
109
14
15
15
15
15
15
15
15
109
110
110
110
14
15
15
110
31
112
27
112
10
100
109
14
15
109
100
128
129
14
15
109
110
100
-1
-1
-1
-1
