791
792
793
794
795
943
529
5
794
457
944
714
537
296
297
298
299
318
164
374
375
376
372
373
461
794
795
796
834
849
605
606
906
897
624
625
554
555
556
447
507
508
165
356
592
507
87
88
980
654
591
592
593
859
737
117
118
119
120
-1
768
769
770
934
29
78
522
247
248
933
934
229
77
78
69
70
78
869
54
55
56
68
54
57
58
770
697
933
934
128
894
53
54
729
237
108
109
24
1
2
55
56
55
56
57
766
705
766
820
64
972
49
72
73
29
972
973
974
728
28
136
705
761
24
872
725
108
109
68
522
872
972
973
78
57
820
137
926
889
890
10
64
73
68
