280
281
282
283
142
143
281
282
283
881
424
425
426
528
529
592
627
500
174
622
702
835
905
926
114
115
115
115
115
91
92
591
592
326
743
744
115
116
150
519
520
521
144
726
710
966
948
730
720
720
443
417
215
216
217
668
304
473
928
-1
705
706
707
708
709
717
763
720
720
720
87
88
89
90
748
749
742
714
715
716
710
613
966
730
731
734
730
613
730
731
405
406
963
964
965
966
841
67
68
736
737
738
15
16
449
449
449
449
449
449
449
247
248
449
449
449
134
20
225
57
744
745
235
236
237
236
720
448
449
114
115
115
801
802
19
20
626
115
133
134
55
56
720
407
