305
965
966
967
729
730
731
78
750
962
667
101
102
808
809
262
680
681
726
727
728
785
714
747
237
679
680
57
236
532
67
235
236
237
967
237
967
882
883
884
166
49
235
236
973
974
974
974
974
974
748
973
974
974
974
974
974
970
968
-1
778
57
48
49
712
713
714
715
964
112
738
739
740
741
49
534
464
465
466
727
728
729
730
680
681
233
798
799
800
406
722
467
800
963
410
800
739
740
741
742
962
963
733
135
961
962
963
964
965
966
431
236
237
680
681
466
236
237
535
235
236
237
767
768
769
713
966
48
49
968
968
533
534
535
536
968
969
968
968
968
969
728
969
-1
