-1
-1
187
187
187
-1
577
459
359
360
160
408
475
408
392
340
475
340
487
340
357
358
221
588
565
566
567
473
109
110
285
444
445
285
285
338
339
196
196
196
187
0
1
187
187
196
96
392
392
187
537
399
400
44
285
369
223
30
344
-1
311
639
214
189
279
280
160
390
601
483
542
543
544
375
250
577
-1
382
39
375
312
249
250
251
607
349
245
-1
487
10
337
338
399
472
195
39
531
532
216
217
-1
-1
2
-1
542
543
543
587
543
587
543
587
266
1
2
3
587
386
426
639
542
543
543
601
601
7
8
516
78
3
3
3
280
586
587
587
79
667
427
217
392
30
217
0
