250
251
242
186
66
67
68
199
200
215
546
471
56
204
396
332
669
12
176
669
332
669
47
353
354
355
8
468
48
605
606
603
416
227
105
272
273
274
605
606
251
667
272
583
3
3
3
544
569
485
350
351
422
668
670
60
186
194
195
396
270
271
272
187
187
0
1
240
569
518
518
496
355
355
152
646
2
3
3
3
3
3
3
3
562
496
355
25
26
425
574
396
667
668
669
536
369
353
25
288
289
290
187
187
-1
583
-1
187
187
187
-1
2
3
187
187
187
187
-1
187
187
187
187
187
187
187
187
187
-1
187
187
187
187
187
187
187
-1
3
187
187
187
639
640
-1
-1
