161
148
182
1
354
355
1
354
355
355
355
355
116
384
117
1
161
366
354
355
148
148
148
148
148
148
148
148
148
182
117
118
569
570
571
117
148
581
148
148
148
397
398
581
149
116
354
0
1
597
333
334
335
336
337
597
1
354
148
-1
587
588
589
550
550
608
38
38
574
42
639
640
36
37
38
589
640
206
95
206
273
626
609
560
561
163
420
173
174
175
108
71
611
556
438
284
609
206
376
4
5
76
689
354
355
355
355
355
148
351
352
183
356
212
217
354
355
148
645
646
581
182
144
424
366
347
348
349
355
366
384
329
330
331
332
333
334
335
336
88
89
90
89
-1
