289
290
291
292
293
294
295
296
179
180
228
180
181
145
122
689
93
589
123
593
594
594
616
594
616
594
594
594
616
616
594
594
616
616
616
616
616
616
616
616
594
594
594
616
594
594
594
616
616
594
151
228
302
291
292
293
294
295
296
-1
615
616
594
594
616
594
594
594
617
618
560
594
151
185
616
617
618
619
620
621
622
623
624
625
626
143
144
145
616
594
594
122
123
298
299
121
122
123
123
615
616
-1
227
228
229
230
231
548
180
181
182
183
184
575
576
577
578
579
580
179
292
293
294
295
179
292
627
628
629
548
549
292
549
550
551
291
627
628
593
594
594
561
562
563
