685
-1
686
687
688
257
314
618
619
566
527
258
259
247
302
380
381
382
538
150
151
264
236
209
210
284
189
172
251
402
422
524
179
550
557
591
592
148
122
123
123
364
365
370
122
159
639
549
550
551
119
138
170
171
617
363
295
296
416
-1
285
286
565
566
-1
167
168
121
122
123
122
123
187
187
187
187
522
187
187
187
595
596
598
596
597
631
598
599
596
597
631
597
609
610
598
599
596
651
610
611
612
-1
282
283
284
239
146
147
614
615
297
443
591
227
626
279
225
374
677
277
256
621
257
545
463
461
183
419
509
202
157
187
454
179
404
405
406
499
500
294
351
496
235
403
