689
689
689
689
540
530
530
530
530
689
530
530
530
530
530
530
530
530
530
530
530
530
530
530
530
530
530
530
530
530
530
530
530
530
530
530
530
531
530
530
530
530
530
530
530
531
689
530
530
530
531
689
689
689
689
689
344
689
689
530
350
344
344
344
350
350
350
344
344
344
350
344
350
350
344
350
350
344
344
345
350
350
344
350
350
350
344
345
350
350
344
350
350
350
344
350
350
350
344
344
350
344
689
689
689
689
689
689
689
539
540
541
689
530
531
532
689
689
689
689
689
689
689
689
689
689
532
689
689
689
689
537
689
689
531
689
536
689
689
541
689
689
-1
-1
