473
474
661
662
663
664
665
666
667
668
669
670
671
672
673
674
319
425
426
319
320
321
322
323
324
124
125
126
127
128
129
130
131
132
689
425
425
426
72
73
74
75
76
425
426
624
625
325
319
320
321
319
320
321
322
323
319
320
321
-1
689
542
250
-1
159
160
160
160
344
-1
159
160
473
542
543
181
95
-1
-1
87
88
400
401
94
95
92
305
181
238
178
179
250
178
181
182
57
473
541
542
455
456
-1
531
532
533
534
535
536
537
538
539
540
534
535
536
537
538
539
540
536
537
538
539
540
537
538
539
540
540
538
539
540
538
539
540
537
538
539
540
538
539
540
535
536
