530
344
344
344
344
344
344
344
620
621
622
344
344
344
344
344
344
344
344
344
344
344
344
344
82
83
344
62
63
64
65
66
68
54
55
364
365
344
344
617
618
619
344
344
51
52
53
54
55
56
57
58
59
344
344
55
56
57
58
-1
8
9
10
11
12
13
14
15
16
17
18
19
20
21
22
23
24
25
26
27
28
29
30
344
50
51
52
53
45
46
47
48
49
50
51
52
53
54
55
534
535
536
344
344
344
344
344
344
344
344
344
344
344
344
344
344
344
344
344
344
344
344
344
344
344
344
344
344
344
78
344
344
344
344
344
344
344
319
344
344
623
624
344
-1
