47
40
39
21
40
55
39
21
21
21
21
21
21
55
55
55
55
55
55
55
55
55
55
21
21
21
21
21
21
21
40
21
21
21
40
55
40
40
21
21
21
21
55
55
21
55
55
55
55
21
21
55
21
40
40
40
40
55
21
21
32
32
32
32
32
32
32
32
32
32
32
21
21
21
32
32
21
21
39
39
21
21
21
39
32
32
32
21
39
39
21
39
21
40
40
40
40
40
39
21
21
21
39
39
21
21
39
39
39
39
40
21
21
39
39
21
21
21
39
21
21
21
21
21
21
39
21
21
40
40
39
39
39
21
21
9
9
9
39
39
39
39
39
9
9
9
19
19
18
18
18
18
19
9
9
9
9
9
9
9
19
14
14
14
40
40
40
40
40
21
21
55
32
21
21
55
9
60
47
40
32
32
32
32
40
21
21
21
21
21
40
40
40
32
32
32
21
21
21
21
21
21
21
21
21
21
21
21
40
32
21
39
21
21
32
32
40
21
39
39
40
40
40
32
32
32
