188
188
191
119
119
119
119
119
119
119
119
119
119
119
119
119
119
119
119
119
119
119
119
119
119
119
119
119
119
119
119
119
119
119
119
119
119
119
119
119
119
119
119
103
78
119
119
119
119
119
119
119
119
103
109
109
109
240
103
119
119
119
103
103
103
103
103
103
103
103
119
103
103
103
103
109
170
109
240
103
103
103
103
103
5
103
240
240
240
170
170
119
78
78
170
146
109
240
0
146
103
119
103
103
105
103
103
103
119
119
119
119
112
119
119
119
103
119
119
119
119
119
119
119
119
119
119
103
103
5
112
109
0
109
78
119
119
103
86
103
119
103
119
103
119
119
103
103
103
119
78
119
119
119
119
119
119
119
119
103
103
78
103
78
103
119
112
119
119
78
78
78
30
119
119
119
119
119
103
119
119
119
119
119
119
119
119
119
119
119
119
119
119
119
119
119
119
103
119
119
119
119
119
119
103
119
119
78
119
103
103
103
119
119
119
103
119
119
119
119
