103
103
103
103
8
119
119
119
119
119
119
119
8
119
119
119
119
119
119
119
119
103
119
119
119
103
119
119
119
119
103
103
119
103
103
119
103
119
119
119
119
103
103
103
103
8
119
8
103
119
119
119
103
119
103
103
103
103
103
119
119
119
119
119
119
119
119
119
119
119
119
119
119
119
119
119
119
119
119
119
119
119
119
119
119
119
119
119
119
119
119
119
119
119
119
119
119
119
119
119
119
103
103
103
103
103
103
103
103
119
119
103
103
119
103
103
119
119
103
119
119
119
103
103
103
103
103
103
103
103
103
103
103
103
103
103
103
103
103
103
119
103
