64
41
41
64
64
64
84
41
64
64
145
5
119
119
119
119
119
119
119
119
119
119
119
119
119
119
119
119
119
119
119
119
119
119
119
119
119
119
119
119
119
119
119
119
119
119
119
119
119
119
119
119
119
119
119
119
119
119
119
203
203
203
203
203
84
203
203
41
84
203
203
203
203
203
203
203
203
203
203
203
203
203
203
41
203
203
203
203
203
203
203
203
203
203
203
203
203
203
203
203
203
203
57
203
203
203
5
203
203
203
203
203
203
203
203
203
203
203
203
203
203
224
203
203
203
203
203
203
203
203
203
5
203
203
203
146
41
203
5
203
203
203
