619
620
621
622
620
621
622
622
620
621
622
620
621
622
621
622
620
621
622
621
622
622
620
621
622
621
622
620
621
622
620
621
622
621
622
621
622
622
620
621
622
620
621
622
622
621
622
621
622
622
620
621
622
621
622
621
622
621
622
-1
424
26
24
87
342
7
8
9
186
179
403
191
141
140
53
54
263
264
129
193
193
422
179
392
393
342
342
191
192
135
87
229
73
74
55
-1
-1
87
411
412
316
317
232
174
174
174
89
119
120
121
122
123
133
134
174
174
174
175
133
134
134
120
121
122
174
174
174
174
174
175
120
121
122
123
122
123
336
133
174
174
174
174
370
-1
138
-1
121
122
123
138
157
266
138
127
127
138
137
138
265
266
127
127
119
120
121
122
123
325
115
116
271
143
120
121
330
331
436
79
232
233
234
235
229
114
115
116
606
241
241
242
316
246
263
387
305
357
371
353
353
139
238
273
55
-1
424
55
400
429
400
400
353
369
174
452
453
197
-1
-1
-1
265
-1
174
174
174
175
21
68
-1
174
174
175
-1
-1
174
-1
174
174
175
9
10
8
9
136
137
174
175
330
114
193
192
132
174
174
174
229
174
174
174
174
174
174
174
174
174
174
174
175
330
174
-1
