169
170
171
172
173
174
313
94
95
86
87
95
86
443
94
95
102
163
164
94
95
189
189
95
442
442
90
86
87
87
86
87
95
98
86
87
442
87
90
87
95
90
243
244
245
246
247
355
356
29
82
25
26
39
383
163
94
102
359
329
103
104
342
4
401
402
72
73
74
264
94
95
85
86
87
189
189
189
95
87
102
171
172
173
148
225
226
227
124
94
102
103
104
94
95
442
442
189
443
94
95
87
85
86
87
86
87
87
86
87
87
86
87
86
87
189
98
87
442
189
98
87
90
189
189
90
90
98
95
189
95
-1
85
86
87
95
98
95
87
95
95
442
443
94
95
102
103
183
184
104
121
122
154
264
265
239
125
9
20
94
95
443
8
9
10
11
12
13
319
320
94
95
189
443
444
445
94
95
442
90
90
102
226
227
94
95
442
98
87
86
102
451
