445
446
447
448
449
450
451
452
453
454
455
116
116
116
116
116
448
449
116
193
116
116
443
444
116
245
453
454
455
456
457
458
459
460
461
192
448
192
446
447
448
449
455
456
457
458
94
442
442
442
442
442
442
442
442
442
443
444
116
449
24
116
116
97
98
202
456
457
458
459
460
461
116
116
116
116
116
116
116
116
116
116
116
116
116
116
116
116
452
453
116
116
116
116
453
116
116
116
116
116
116
460
122
123
220
140
219
220
37
40
303
141
304
303
85
86
202
193
193
193
441
86
87
116
93
94
96
116
442
442
443
444
250
79
80
456
249
250
251
298
299
300
39
249
250
251
123
93
94
95
442
442
442
442
442
442
442
442
94
95
116
79
442
443
444
445
446
447
448
449
450
451
452
453
7
443
444
445
446
447
448
449
450
451
94
454
455
456
457
458
459
-1
