442
443
443
443
443
443
443
443
443
443
443
443
443
443
443
443
443
443
443
443
443
443
443
443
443
443
443
443
443
443
443
443
443
443
443
443
443
443
443
443
443
443
93
453
93
-1
-1
93
93
93
93
93
-1
-1
-1
-1
-1
-1
-1
-1
-1
-1
-1
-1
-1
-1
-1
-1
-1
-1
-1
157
442
443
443
443
443
443
443
443
443
443
443
443
443
443
443
443
443
443
443
443
443
443
443
443
443
443
443
443
443
443
458
-1
-1
152
153
-1
184
93
457
458
93
-1
84
85
97
93
93
97
98
-1
97
98
84
79
80
304
448
-1
97
93
437
62
135
216
217
7
7
91
216
-1
62
192
193
95
401
292
293
62
68
69
302
303
215
196
-1
-1
-1
-1
42
155
201
-1
441
-1
-1
220
-1
-1
-1
-1
-1
101
-1
-1
-1
201
-1
-1
-1
-1
-1
93
93
93
-1
-1
-1
-1
-1
-1
