45
46
109
109
46
46
46
46
11
12
13
14
141
135
136
137
7
143
143
8
9
137
138
139
140
142
143
8
9
142
143
143
143
143
143
143
143
8
142
143
143
143
143
8
9
7
143
143
143
143
143
143
143
143
143
143
143
8
-1
-1
6
7
8
142
143
143
8
9
7
8
9
129
7
143
143
143
143
143
143
143
143
143
143
8
142
143
143
143
8
9
12
7
143
143
143
8
7
143
8
7
143
143
127
128
129
130
131
132
133
134
135
136
137
138
139
140
141
128
129
130
131
132
133
134
135
136
137
138
139
140
141
137
138
139
140
141
141
-1
-1
-1
-1
-1
-1
-1
